========================================================================================================================
ZJU-I 型机械臂正运动学求解结果
========================================================================================================================

配置   |  θ₁  |  θ₂  |  θ₃  |  θ₄  |  θ₅  |  θ₆  |    px    |    py    |    pz    |    α    |    β    |    γ
------------------------------------------------------------------------------------------------------------------------
第一组    |   30 |    0 |   30 |    0 |   60 |    0 | 90.49405 | 164.30488 | 607.53327 | -104.50247 | -3.32575 | -154.29465
第二组    |   30 |   30 |   60 |    0 |   60 |   30 | 245.49304 | 253.79358 | 347.46470 | -123.69007 | -25.65891 | -76.10211
第三组    |   90 |    0 |   90 |   60 |   60 |   30 | -97.04517 | 171.47741 | 326.94104 | 120.00000 | -60.00000 | -150.00000
第四组    |  -30 |  -30 |  -60 |    0 |  -15 |   90 | -293.58014 | 170.50428 | 472.80136 | 13.06431 | -7.43547 | 150.85257
第五组    |   15 |   15 |   15 |   15 |   15 |   15 | 225.67316 | 107.18995 | 551.97023 | -148.00103 | 36.35256 | -106.99897
========================================================================================================================
